seed = 1088 sort algorithm = Bubble Sort

Unsorted:
       725        127        750         98        528        572        166        657
       418        309        313        866        546        572        577        107
       536        880        886        161        618        315        162        827
       243        792        260        663         29        790        753        106
       270        856        205        150        428        723        159        198
        32        472         64        579         44        993        686        580
       874        572         94        844        239        256        671        483
       400        284        498        430        426        603        536         48
       811         93        198        591        817        357        789        849
       829        206        780        225        199        466        806        425
       390        252        621        630        860        645        465        260
       929        315        690        355        918        227        756        730
       672        954        321        489        312        463        691        493
       669        471        719        220        290        877        998        680
       481        619        662        341        264        127        601        193
       442        644        901        713        223          9        795        895
       963        116        737        627        579        428        473        600
       251        544        821        541        773        819        574        254
       438        236        595         55        716        548        600        510
       192        853        575        767        862        370        663        826
       487        400        805        418        180        278         19        783
       174        192        325        947        363        251        201        153
       839        148        208        907         49        809        418        241
       662        993        361        877        716         24         55        203
       776        860        973        308        491        344         91        665
       888        768        965        251         19        166        405        211
       667        613        118        716        774        888        309        789
       234        670        666        950        694        721        505        822
       933        830        482        776        175        574        794        415
       694        759        667         66        925         72        277        592
        37        395        308        812        636        618        601        870
       640        619        172        687        340         29        509        625
       859        992        402        386        918        196        802        612
       955        469        678        232        893        955        177        930
       703        837        742        691        807        695        913        448
       666         85        135        358        114        996        984        325
       340        738        712        258        934        514        223        241
       335        253        825        228        561          2        158        264
       840        253        307        647        300        220        447        967
       657        582        325        123        579        309        448        271
        47        512        530        333         26        105        926        713
       358        752        941        919        754        452        535        946
       705        842        946          5        414        393        324        423
       976        650        546        907        311        347        178        711
       859         60         44        238        517        323        951        876
        75        245        795        181        697        683        128        754
       877        426        759        292        819         84        715        147
        86        614        406        397        313        937        108        524
       997        505        762        867        828         66        743        255
       663        890        788        360        925        268        114        803
       694        225         95        514        661        162        661        747
       128         68        497        441          5        605        318        354
       462        432        221        642        850        316        897        513
       559        686        225        484        954        691        287          1
       917        734        515        930        249        528         30        377
       948        527        171        953        484        489        660        947
       273        233        589        124        902        839        637        461
       877        863        945        183        554        585        184        823
       319        699        754        568        580        784        298        528
       663        821        834        147        662        846        446        935
        79        388         59        981        227         49        794        456
       264        740        639        818        677        824        994        996
       875        748        917        807        884        567        336        899
       740        522         46        754        368        845        689        799
       233        101        781        812        502        927        268        766
        19        259        584        696         83        578         45        311
       678        962        118        914        881        806        813        621
       328        212        375        696         57        416        496        642
       869        629        454        371        556         74 
Sorting:

Sorted:
         1          2          5          5          9         19         19         19
        24         26         29         29         30         32         37         44
        44         45         46         47         48         49         49         55
        55         57         59         60         64         66         66         68
        72         74         75         79         83         84         85         86
        91         93         94         95         98        101        105        106
       107        108        114        114        116        118        118        123
       124        127        127        128        128        135        147        147
       148        150        153        158        159        161        162        162
       166        166        171        172        174        175        177        178
       180        181        183        184        192        192        193        196
       198        198        199        201        203        205        206        208
       211        212        220        220        221        223        223        225
       225        225        227        227        228        232        233        233
       234        236        238        239        241        241        243        245
       249        251        251        251        252        253        253        254
       255        256        258        259        260        260        264        264
       264        268        268        270        271        273        277        278
       284        287        290        292        298        300        307        308
       308        309        309        309        311        311        312        313
       313        315        315        316        318        319        321        323
       324        325        325        325        328        333        335        336
       340        340        341        344        347        354        355        357
       358        358        360        361        363        368        370        371
       375        377        386        388        390        393        395        397
       400        400        402        405        406        414        415        416
       418        418        418        423        425        426        426        428
       428        430        432        438        441        442        446        447
       448        448        452        454        456        461        462        463
       465        466        469        471        472        473        481        482
       483        484        484        487        489        489        491        493
       496        497        498        502        505        505        509        510
       512        513        514        514        515        517        522        524
       527        528        528        528        530        535        536        536
       541        544        546        546        548        554        556        559
       561        567        568        572        572        572        574        574
       575        577        578        579        579        579        580        580
       582        584        585        589        591        592        595        600
       600        601        601        603        605        612        613        614
       618        618        619        619        621        621        625        627
       629        630        636        637        639        640        642        642
       644        645        647        650        657        657        660        661
       661        662        662        662        663        663        663        663
       665        666        666        667        667        669        670        671
       672        677        678        678        680        683        686        686
       687        689        690        691        691        691        694        694
       694        695        696        696        697        699        703        705
       711        712        713        713        715        716        716        716
       719        721        723        725        730        734        737        738
       740        740        742        743        747        748        750        752
       753        754        754        754        754        756        759        759
       762        766        767        768        773        774        776        776
       780        781        783        784        788        789        789        790
       792        794        794        795        795        799        802        803
       805        806        806        807        807        809        811        812
       812        813        817        818        819        819        821        821
       822        823        824        825        826        827        828        829
       830        834        837        839        839        840        842        844
       845        846        849        850        853        856        859        859
       860        860        862        863        866        867        869        870
       874        875        876        877        877        877        877        880
       881        884        886        888        888        890        893        895
       897        899        901        902        907        907        913        914
       917        917        918        918        919        925        925        926
       927        929        930        930        933        934        935        937
       941        945        946        946        947        947        948        950
       951        953        954        954        955        955        962        963
       965        967        973        976        981        984        992        993
       993        994        996        996        997        998 
