seed = 8555 sort algorithm = Quick Sort

Unsorted:
        73        643          4        741        327        423         28         84
       397        341        374        928         28        576        159        803
       730        493        826        491        181        554        188        862
       910        636        398         85        568        600        755        641
       596        759        735        923        182        763        359        931
       457         85        860        485        661         19        640        743
       864        818        235        398        725        775        260        987
       411        658         73        331        259        180        324        855
       939         59        130        474        175        489        405        984
       574        265        821        588        285        813        331        501
       632        918        899        709        693        159        696        456
       170        121        787        781        301        112        988        241
       523        470        715         50        959        472         34        885
       738        855        825        375        669        157        876        653
       427        128        362        121        287         58        929        809
       180        717        590        833        181        930         74         56
       400        141        107        359        614        141        597        704
       349        422         79         18        931        307         23        359
       435        385        832         75        795        761        884        327
       830        827        161        363        757        587        420        158
        81        527        869         47         20        466        751        369
       241        182        739        172        489        762        531        277
       499        715        352        295        477        236        974        307
        63        487        671        173         75        443        331        156
       970        552        555        990        371        306        360        612
       840        451        784        329        214        668        606        713
       383        310        360        212        547        687        872        962
       174        895        487        249        338        170        757        308
       723        312        650        446        970        362         58        810
       814        194        492        380        214        450         93        598
       761        806        162        660        493         34        974         19
       929        462        621        267        632        378        927        707
        43        578        153        365        292        563        528        106
       758         20        486        324        470        932        274        583
        90        437        243        935        471        218        954        753
        32        575         20        664        306        300        724        701
       878        229         66        522        793        946        629        903
       966        467        227        789        751        854        372        841
       291        968        776        114        186         83        867        570
       658        240        234        964        540        310        665        418
       540         84        292        685         30        921        588        349
       741        167        138        844         21        862        686        664
       830        814        779        368        897        998        938        908
       238        525        872        778        835        890        548        727
       326        841        412        356        114        352        705        855
       872        195        700        245         58        738        910        240
       904         41        609        154         39        899        414        278
       424        638        408        612        528        957        691        854
       798        104        563        264        808        620        120         32
       816        172        278        226        262        540        466        518
       581        427         24        972        679        438        250        103
        77        659         67        957        968        759        812        118
       215        727        382        375        347        854        408        163
        26         38        741        640        578        208        511        511
       987        887        483        666        326         86        122        755
        97        189        712         65        300        876        183        867
       603        565        243        303        420          3        818        798
        41        560        791        619        768        302        130        107
       189        965        774        867         51        896        974        148
       437        687        213         90        915        748        957        871
       314        200        174         86        203        992        884        596
       552        675        215        672        329        697        780        871
        15        906        738         66        154        713        567        943
       752        132         33        667        881        991        890        547
       543        416        633         99        761        517        695        665
       545        263        338        874        312        470        745        327
       728        836        746        882        549        665        825        653
       797        859        672         30        202        563        577         97
       331        562        548         92         80        596 
Sorting:

Sorted:
         3          4         15         18         19         19         20         20
        20         21         23         24         26         28         28         30
        30         32         32         33         34         34         38         39
        41         41         43         47         50         51         56         58
        58         58         59         63         65         66         66         67
        73         73         74         75         75         77         79         80
        81         83         84         84         85         85         86         86
        90         90         92         93         97         97         99        103
       104        106        107        107        112        114        114        118
       120        121        121        122        128        130        130        132
       138        141        141        148        153        154        154        156
       157        158        159        159        161        162        163        167
       170        170        172        172        173        174        174        175
       180        180        181        181        182        182        183        186
       188        189        189        194        195        200        202        203
       208        212        213        214        214        215        215        218
       226        227        229        234        235        236        238        240
       240        241        241        243        243        245        249        250
       259        260        262        263        264        265        267        274
       277        278        278        285        287        291        292        292
       295        300        300        301        302        303        306        306
       307        307        308        310        310        312        312        314
       324        324        326        326        327        327        327        329
       329        331        331        331        331        338        338        341
       347        349        349        352        352        356        359        359
       359        360        360        362        362        363        365        368
       369        371        372        374        375        375        378        380
       382        383        385        397        398        398        400        405
       408        408        411        412        414        416        418        420
       420        422        423        424        427        427        435        437
       437        438        443        446        450        451        456        457
       462        466        466        467        470        470        470        471
       472        474        477        483        485        486        487        487
       489        489        491        492        493        493        499        501
       511        511        517        518        522        523        525        527
       528        528        531        540        540        540        543        545
       547        547        548        548        549        552        552        554
       555        560        562        563        563        563        565        567
       568        570        574        575        576        577        578        578
       581        583        587        588        588        590        596        596
       596        597        598        600        603        606        609        612
       612        614        619        620        621        629        632        632
       633        636        638        640        640        641        643        650
       653        653        658        658        659        660        661        664
       664        665        665        665        666        667        668        669
       671        672        672        675        679        685        686        687
       687        691        693        695        696        697        700        701
       704        705        707        709        712        713        713        715
       715        717        723        724        725        727        727        728
       730        735        738        738        738        739        741        741
       741        743        745        746        748        751        751        752
       753        755        755        757        757        758        759        759
       761        761        761        762        763        768        774        775
       776        778        779        780        781        784        787        789
       791        793        795        797        798        798        803        806
       808        809        810        812        813        814        814        816
       818        818        821        825        825        826        827        830
       830        832        833        835        836        840        841        841
       844        854        854        854        855        855        855        859
       860        862        862        864        867        867        867        869
       871        871        872        872        872        874        876        876
       878        881        882        884        884        885        887        890
       890        895        896        897        899        899        903        904
       906        908        910        910        915        918        921        923
       927        928        929        929        930        931        931        932
       935        938        939        943        946        954        957        957
       957        959        962        964        965        966        968        968
       970        970        972        974        974        974        984        987
       987        988        990        991        992        998 
