seed = 9174 sort algorithm = Quick Sort

Unsorted:
       290        606        110        466        682        866        393        127
       705        812        116        187        653        962        972        529
       772        547         38        489         48          7        306        679
       583        858        996        550        860        715        983        502
       673        445        968        355        312        714        483        369
       526        951        556        531        913        881         60        685
       780        450        527        828        457        833        859        393
        43        855        943        255        570        278        757        243
       724         77        951         36        791        434        757        669
       385        665        552        650        546        965        688        326
       415        215        154        225        400        365        618        443
       221        561         50        143        839        159        739        915
       236        690        303        380        476         60        401        213
       726        306        863        272        271        903        951        686
       118        457        263        870        823        881        313        396
       794        715        539        986        874        630        901        463
       672        205        843        148        265        596        361        991
       902        577        616        173        480        919        212        951
       376        475        821        551        709        487        947        503
       202        839        841         77        469        743        540        142
       300        735        642        917        331        356        261        586
       933        877        759        765        148        323        716        876
       799        538        428        860        377        727        715        579
       566        557          8        388        652        900        882        952
       987        524        869        319        880        130        905        165
       359         16        931        507        340        647        384        491
       537        164        351        914        891         66        846        810
       975        206        550        627        107        432        931         94
       308        801        765        189        283         22        706        995
        39        637        854        731        637        590        222        174
       754        925        441        998        343        287        160        319
       845        710        298        952        142        230        399        450
       383        164        991         18        539        698         13        578
       687        220        661        324        810        883        851        917
       160        292        267        855        931        427        526        776
       137        825        729        279        407        480         81        790
       644        425        808        183        475        174        113        162
       746        774        487        556          9        338        825        521
       982         92        377        913        519        903        689        656
        80        770        287        487        250        721        277        247
       146        438        782        621        964        896        135        710
        22        974        618        384        664        444        905        646
       536        634        559         56        538        601         64        618
       371        704        106        622        425        735        869        923
       525          3        896        841        251         31        551        274
         6        170         10        670        966        267        669        502
       902        580        910        792        181        327        762        553
        31        220        527        808        308        748        731        833
       751        627        675          3        658        578        629         16
       100        991         39         66        258         60        569        512
       640        831        304        822        158        419        727        541
       639        254        349        947          2         80        133        105
        59        160        460         70        738         89         86        839
        80        477        257        691        537        178        555        178
        10        860        352        520        631         79         62        270
       333        763        570        687        844         55        792        255
       215        253        325        305        694        764        496        127
       241        754        170        131        932        725        309        294
       937        661        167        568         92        229        191        425
       344        113        464        540        168        608        796        735
       213        121         40        908        885        889        387        479
       643        909        610        927        634        271        574        572
       284        741        492        376        322        683        153        666
       148        617        207        316        225          3        403        439
       476        444        699        714        685        438        193        680
       347        155        607        981        426        533        905        710
       626        398        438        948        433        591        967        582
       208        526        250        785        881        654        576        357
       450        275         71        487        713        616 
Sorting:

Sorted:
         2          3          3          3          6          7          8          9
        10         10         13         16         16         18         22         22
        31         31         36         38         39         39         40         43
        48         50         55         56         59         60         60         60
        62         64         66         66         70         71         77         77
        79         80         80         80         81         86         89         92
        92         94        100        105        106        107        110        113
       113        116        118        121        127        127        130        131
       133        135        137        142        142        143        146        148
       148        148        153        154        155        158        159        160
       160        160        162        164        164        165        167        168
       170        170        173        174        174        178        178        181
       183        187        189        191        193        202        205        206
       207        208        212        213        213        215        215        220
       220        221        222        225        225        229        230        236
       241        243        247        250        250        251        253        254
       255        255        257        258        261        263        265        267
       267        270        271        271        272        274        275        277
       278        279        283        284        287        287        290        292
       294        298        300        303        304        305        306        306
       308        308        309        312        313        316        319        319
       322        323        324        325        326        327        331        333
       338        340        343        344        347        349        351        352
       355        356        357        359        361        365        369        371
       376        376        377        377        380        383        384        384
       385        387        388        393        393        396        398        399
       400        401        403        407        415        419        425        425
       425        426        427        428        432        433        434        438
       438        438        439        441        443        444        444        445
       450        450        450        457        457        460        463        464
       466        469        475        475        476        476        477        479
       480        480        483        487        487        487        487        489
       491        492        496        502        502        503        507        512
       519        520        521        524        525        526        526        526
       527        527        529        531        533        536        537        537
       538        538        539        539        540        540        541        546
       547        550        550        551        551        552        553        555
       556        556        557        559        561        566        568        569
       570        570        572        574        576        577        578        578
       579        580        582        583        586        590        591        596
       601        606        607        608        610        616        616        617
       618        618        618        621        622        626        627        627
       629        630        631        634        634        637        637        639
       640        642        643        644        646        647        650        652
       653        654        656        658        661        661        664        665
       666        669        669        670        672        673        675        679
       680        682        683        685        685        686        687        687
       688        689        690        691        694        698        699        704
       705        706        709        710        710        710        713        714
       714        715        715        715        716        721        724        725
       726        727        727        729        731        731        735        735
       735        738        739        741        743        746        748        751
       754        754        757        757        759        762        763        764
       765        765        770        772        774        776        780        782
       785        790        791        792        792        794        796        799
       801        808        808        810        810        812        821        822
       823        825        825        828        831        833        833        839
       839        839        841        841        843        844        845        846
       851        854        855        855        858        859        860        860
       860        863        866        869        869        870        874        876
       877        880        881        881        881        882        883        885
       889        891        896        896        900        901        902        902
       903        903        905        905        905        908        909        910
       913        913        914        915        917        917        919        923
       925        927        931        931        931        932        933        937
       943        947        947        948        951        951        951        951
       952        952        962        964        965        966        967        968
       972        974        975        981        982        983        986        987
       991        991        991        995        996        998 
