seed = 353 sort algorithm = Quick Sort

Unsorted:
        17        350        687        984        356         16        159        445
       957        103         93        106        560        735        893        643
       199        574        399        667         67        688        834        172
       640        629         23        522        225        975        212        595
       325        899        931         33        268         91        830        225
       546        275        332        106         11        577        749        210
       151        500        877        571        540        712         95        181
       693        470         55        918        445        268        513        123
       519        445        508        787        888        339         13        434
       614        697        892        977        274        642        540        777
       142        417        700         35        481        795        216        526
       266        271        797         63        891        662        186        411
       107        695        550        347         34        563        781          0
       612        674        978        886        668        518         16        162
       287        716        197        121        512        765        647        130
        37        796        545        280        459        732         43        566
       779        594        266        165        509         47        165        122
        73        143        360        741         13        376        904        301
        93        453        774        957        219        773        439        608
       570        984        888         29        716        932        947        847
       878        213         12        387        613        530        509        686
        25        870        780         39        598         36        692        691
       489        466          0        708        239        439        668        809
       424        557        838        492        841        138        692        719
       351        704        106        964        234        968          3        260
       190        783        651        788        819        343        832        308
       161        184        369        400        624         37        562        400
       946        752        244        139        890        936        210        242
       641        669        558        227        637        561        839        179
       344        490        967        515        185        151        176        346
       336        897         99        312        934        661        712        233
       413        308        724        656        245        935        250        238
       604        808        465        241        722        657        420        418
       499        739        934        685        243        462        383        931
       359        482        595        645        495        659        878        261
       967        955        917        212        890        167        450        494
       327        268         87         49        925        859        820        776
       950        754        813        545        216        197        476        927
        31         71        572        527        730        451        140        698
       406         57        262        648        576        713        494        903
       333        581        305        610        792        125        386        742
       879        200        288        447        397        116        374        780
       188        946        659        270        749        799        320        507
       856        583        507        784        648          1        688        981
       934        993        591        726        118        329        821        349
       529        109        796        278        225        522         59        765
       820        718        388        922        870        708        781         78
       643        289        863        291        290        551        624        225
       896        215        303         14        897        124        715        426
       233        863        705        811        385        116        928        557
       834        668        479         56        377        261        135         20
       902        998        664        544        901        288        769        797
       856         73        163        753        549        878        179        135
       741        236        298        478        352        226         35        539
       247        867        595        624        128        730        996        382
        80        660        926        981        301         48        130        157
       473        293        262         22        523        441        157        264
        30        455        742        382         34        130        921        281
       997        869        257        477        599        605        859        680
       618        785         13        919        833        496        428        306
       789        690        681        313        483        838        929        513
       646         24        248        680        154        521        313        151
       390        922        628        342        527        487         22        145
       624        387        416        458        883        844        116         25
       886        797        690        722        988        619        587        634
       995        835        666        149        709        979        300         99
       901        280        441        780        119        815        278        744
       555        694        554        438        891         22        815        777
       820        505        851        160        477        439 
Sorting:

Sorted:
         0          0          1          3         11         12         13         13
        13         14         16         16         17         20         22         22
        22         23         24         25         25         29         30         31
        33         34         34         35         35         36         37         37
        39         43         47         48         49         55         56         57
        59         63         67         71         73         73         78         80
        87         91         93         93         95         99         99        103
       106        106        106        107        109        116        116        116
       118        119        121        122        123        124        125        128
       130        130        130        135        135        138        139        140
       142        143        145        149        151        151        151        154
       157        157        159        160        161        162        163        165
       165        167        172        176        179        179        181        184
       185        186        188        190        197        197        199        200
       210        210        212        212        213        215        216        216
       219        225        225        225        225        226        227        233
       233        234        236        238        239        241        242        243
       244        245        247        248        250        257        260        261
       261        262        262        264        266        266        268        268
       268        270        271        274        275        278        278        280
       280        281        287        288        288        289        290        291
       293        298        300        301        301        303        305        306
       308        308        312        313        313        320        325        327
       329        332        333        336        339        342        343        344
       346        347        349        350        351        352        356        359
       360        369        374        376        377        382        382        383
       385        386        387        387        388        390        397        399
       400        400        406        411        413        416        417        418
       420        424        426        428        434        438        439        439
       439        441        441        445        445        445        447        450
       451        453        455        458        459        462        465        466
       470        473        476        477        477        478        479        481
       482        483        487        489        490        492        494        494
       495        496        499        500        505        507        507        508
       509        509        512        513        513        515        518        519
       521        522        522        523        526        527        527        529
       530        539        540        540        544        545        545        546
       549        550        551        554        555        557        557        558
       560        561        562        563        566        570        571        572
       574        576        577        581        583        587        591        594
       595        595        595        598        599        604        605        608
       610        612        613        614        618        619        624        624
       624        624        628        629        634        637        640        641
       642        643        643        645        646        647        648        648
       651        656        657        659        659        660        661        662
       664        666        667        668        668        668        669        674
       680        680        681        685        686        687        688        688
       690        690        691        692        692        693        694        695
       697        698        700        704        705        708        708        709
       712        712        713        715        716        716        718        719
       722        722        724        726        730        730        732        735
       739        741        741        742        742        744        749        749
       752        753        754        765        765        769        773        774
       776        777        777        779        780        780        780        781
       781        783        784        785        787        788        789        792
       795        796        796        797        797        797        799        808
       809        811        813        815        815        819        820        820
       820        821        830        832        833        834        834        835
       838        838        839        841        844        847        851        856
       856        859        859        863        863        867        869        870
       870        877        878        878        878        879        883        886
       886        888        888        890        890        891        891        892
       893        896        897        897        899        901        901        902
       903        904        917        918        919        921        922        922
       925        926        927        928        929        931        931        932
       934        934        934        935        936        946        946        947
       950        955        957        957        964        967        967        968
       975        977        978        979        981        981        984        984
       988        993        995        996        997        998 
