seed = 964 sort algorithm = Bubble Sort

Unsorted:
       798        783        516        476        661        233        228        853
       649        549        824        530         94        109        590        872
       487        583        846        247        434        654        754        497
       109        392        722         87         19        614        774        170
       750        642        646        763        876        226        969        525
       127        145        407        573        255        997        446        742
       932        644        342        366        298         96        216        760
       841        938        847        860        905        973        382          7
       616        381        770        844        607         91        721         87
       237        128        660        492        125        458        586         58
       103        280        776        753        377        992        865        218
       283        713        430        540         38        813        547          6
       546        669        202        153        113        923        592        350
        51        253        194        529        711        132        939        166
       413         67        272        142        412        137        360         47
       202        142        587        241        307        486        599        853
       507        802        359        620        725        951        970        129
       556        516         10        268        649        301        786         62
       368         58        204        132        196        916        179        398
        58        766        991        366        252        943        219        112
       745        578        732        822        882         55        303        438
       571        313         58        220        966        845        634        335
       255        838        467        803        106        647        554        165
       765        545        883        370        840        454        482        585
       385        214        760        267        269        415         57        841
        81        116        413         47        313         48        382        920
       238        202        724        345        201        278        862        318
       823         97        688         16        551        522        953        288
       737        713        555        358        129        965        551        562
        81        965        609        746        365        344        666        955
       546        390        300         99        668        514        417        844
       611        458        860        515        980        813        803         69
       879        711        428        360        676        331        922        757
       296        531        855         13        875        521        969        773
       912        621        224        932        136        642        128         99
       100        340        614        432        154        770        502        385
       481        930        745        157        261         19        266        910
       902        121        275        130        642        244        903        906
       866        480        191        354        122        319        805        574
       660        772          6        166        542        508        551         23
       790        648        180         52         19        446        314        921
       919        589         51        561        186        307        820         52
       787         11        758        261        682        915        835        342
       687        193        860        229         54        763        252        844
       411        784        248        782        582        562        704        501
       152        107        415        338        766        235        742        553
       598        852        166        280        767        353        975        807
       547        835         36        601        599        641        445        362
       777         46        145        360        608        201        861        112
       308        628        802        427        863        544        980        461
       748        499         94        868        852         69        675        399
       904        711        352        855        704        150        218        482
       196        363        194        804        916         55        269        576
        36         71          3        899        968        336        713         68
       835        807        936        687        228        611        439        484
       675        791        340        731        293        558        213        489
       273        407        646        189        815        915        117        851
       338        121        102        306        809        167        375        644
       326        663        683        554        275        474         39        302
       618        379         33        911        289        247        753        562
         6        399        103        821        666        220         24          4
       693        127        663        502        646        390        498        973
        53        182        527        680          8        566        982        626
       297        368        890        586        967        643        148        973
       394        603        147         60        824        523        416        517
         2        431        372        649        821        870        622        875
       404        149        555        413         68        890        391        717
       258        281        304        225        924        804        550        318
       408        697        730        584        573        499 
Sorting:

Sorted:
         2          3          4          6          6          6          7          8
        10         11         13         16         19         19         19         23
        24         33         36         36         38         39         46         47
        47         48         51         51         52         52         53         54
        55         55         57         58         58         58         58         60
        62         67         68         68         69         69         71         81
        81         87         87         91         94         94         96         97
        99         99        100        102        103        103        106        107
       109        109        112        112        113        116        117        121
       121        122        125        127        127        128        128        129
       129        130        132        132        136        137        142        142
       145        145        147        148        149        150        152        153
       154        157        165        166        166        166        167        170
       179        180        182        186        189        191        193        194
       194        196        196        201        201        202        202        202
       204        213        214        216        218        218        219        220
       220        224        225        226        228        228        229        233
       235        237        238        241        244        247        247        248
       252        252        253        255        255        258        261        261
       266        267        268        269        269        272        273        275
       275        278        280        280        281        283        288        289
       293        296        297        298        300        301        302        303
       304        306        307        307        308        313        313        314
       318        318        319        326        331        335        336        338
       338        340        340        342        342        344        345        350
       352        353        354        358        359        360        360        360
       362        363        365        366        366        368        368        370
       372        375        377        379        381        382        382        385
       385        390        390        391        392        394        398        399
       399        404        407        407        408        411        412        413
       413        413        415        415        416        417        427        428
       430        431        432        434        438        439        445        446
       446        454        458        458        461        467        474        476
       480        481        482        482        484        486        487        489
       492        497        498        499        499        501        502        502
       507        508        514        515        516        516        517        521
       522        523        525        527        529        530        531        540
       542        544        545        546        546        547        547        549
       550        551        551        551        553        554        554        555
       555        556        558        561        562        562        562        566
       571        573        573        574        576        578        582        583
       584        585        586        586        587        589        590        592
       598        599        599        601        603        607        608        609
       611        611        614        614        616        618        620        621
       622        626        628        634        641        642        642        642
       643        644        644        646        646        646        647        648
       649        649        649        654        660        660        661        663
       663        666        666        668        669        675        675        676
       680        682        683        687        687        688        693        697
       704        704        711        711        711        713        713        713
       717        721        722        724        725        730        731        732
       737        742        742        745        745        746        748        750
       753        753        754        757        758        760        760        763
       763        765        766        766        767        770        770        772
       773        774        776        777        782        783        784        786
       787        790        791        798        802        802        803        803
       804        804        805        807        807        809        813        813
       815        820        821        821        822        823        824        824
       835        835        835        838        840        841        841        844
       844        844        845        846        847        851        852        852
       853        853        855        855        860        860        860        861
       862        863        865        866        868        870        872        875
       875        876        879        882        883        890        890        899
       902        903        904        905        906        910        911        912
       915        915        916        916        919        920        921        922
       923        924        930        932        932        936        938        939
       943        951        953        955        965        965        966        967
       968        969        969        970        973        973        973        975
       980        980        982        991        992        997 
