seed = 7413 sort algorithm = Bubble Sort

Unsorted:
       802         51        309        604        781        711        185        158
       367        463        303        405        849        781        281         71
       113         11        210        761        947        622        255         83
        11        247         78        768        468        609        945        270
       660        255        227        793        318        764        303         37
       227        606        442        428        388         75        852        853
        86        414        615         34         36        870        469         47
       470        900        167        938        509        113        561        521
       720        140        666         38        256        969         75        483
       927        869        264        667        296        116        521        735
       530        136        121        919        358        942        318        180
       842        486        471        703        951        384        576        671
       524        242        709        780        563        136        615        843
       357        879        510        653        347         31        740        230
       519        861        501        230        804        819        410        998
       657        233         54        608        617        630        279        493
       225        340        273        140        828        241        983        537
       472        494        543        820        877        283        402        397
       145        903        627        301        722        389        299        380
       623        705        340        240        336        972        734        913
       664        359         53        493        952         37         30        425
       883        573        245        760        209        647        509        354
       550        488          7        624        878        658        356        853
       364        697         93         52         21        179        965        685
       891         18        530        843        407        561        620        290
       486        865        403        695        864        912        401        766
       401        760        391        631        419         99        484        135
       148        929        187        169        461        152        855        352
       170        385        547        578        298        168        220        137
       385        623        184        602        888        938        368        641
       698        111        272        117        563        108        252        711
        37        439        881        498        943         88        202        114
       473        102         44        124        622        264        261          7
       240        445        961        480        383        330        473         82
       793        745        551        356        205        156         68        242
       947        301         93        891        389        295        357        862
       749        401        338        371         17        599        731        257
       397        692         89        780        374        562        214        520
       659        118        228        864        274        648        459        573
       949        552        464        338        199        173        553        949
       574        891        672        592        843        755        201        240
       800        643        372        526        205        587         46        217
       705        275         81        331        923        892        256        225
       444         73        915        996        246        468        297        821
       712        969        765        555         77        318        147        877
       961        519        403        167        458        802        736        515
        77        817        198        352        710        455        929        506
       528        845        502        774        665        799        947        377
       121        712        284        198         31        783        427        344
       303        830        863        113        984        599        629         61
       417        827        766        479        282         47        337        810
       892        840        937        558        991        884        287        464
       597        924         14        980        707        441        324        362
       624        188        476        608        787        105         22        556
       284        140        387        567        187        725        729        432
       917        666        342        260        551        629        725        500
       553         91        832        613        885        156        975        861
       696        803        469        836        260        843        744        545
       335        484        464        875        561        545        307        830
       564        649         90        467        630        167        967        184
       259        799        149        496        307        476        357        356
       280        826        544        540         22        288        437        357
       124        901        584        685        799        891        515        363
       892        958        830        523        125        149         59        736
       300        208        232        607        684        589        315        964
       768        859        857        142        500        294        851        976
       548        436        662        699        327        529         62        572
       839        892         95        965         41        154         53        341
       714        286        300        398        227        968 
Sorting:

Sorted:
         7          7         11         11         14         17         18         21
        22         22         30         31         31         34         36         37
        37         37         38         41         44         46         47         47
        51         52         53         53         54         59         61         62
        68         71         73         75         75         77         77         78
        81         82         83         86         88         89         90         91
        93         93         95         99        102        105        108        111
       113        113        113        114        116        117        118        121
       121        124        124        125        135        136        136        137
       140        140        140        142        145        147        148        149
       149        152        154        156        156        158        167        167
       167        168        169        170        173        179        180        184
       184        185        187        187        188        198        198        199
       201        202        205        205        208        209        210        214
       217        220        225        225        227        227        227        228
       230        230        232        233        240        240        240        241
       242        242        245        246        247        252        255        255
       256        256        257        259        260        260        261        264
       264        270        272        273        274        275        279        280
       281        282        283        284        284        286        287        288
       290        294        295        296        297        298        299        300
       300        301        301        303        303        303        307        307
       309        315        318        318        318        324        327        330
       331        335        336        337        338        338        340        340
       341        342        344        347        352        352        354        356
       356        356        357        357        357        357        358        359
       362        363        364        367        368        371        372        374
       377        380        383        384        385        385        387        388
       389        389        391        397        397        398        401        401
       401        402        403        403        405        407        410        414
       417        419        425        427        428        432        436        437
       439        441        442        444        445        455        458        459
       461        463        464        464        464        467        468        468
       469        469        470        471        472        473        473        476
       476        479        480        483        484        484        486        486
       488        493        493        494        496        498        500        500
       501        502        506        509        509        510        515        515
       519        519        520        521        521        523        524        526
       528        529        530        530        537        540        543        544
       545        545        547        548        550        551        551        552
       553        553        555        556        558        561        561        561
       562        563        563        564        567        572        573        573
       574        576        578        584        587        589        592        597
       599        599        602        604        606        607        608        608
       609        613        615        615        617        620        622        622
       623        623        624        624        627        629        629        630
       630        631        641        643        647        648        649        653
       657        658        659        660        662        664        665        666
       666        667        671        672        684        685        685        692
       695        696        697        698        699        703        705        705
       707        709        710        711        711        712        712        714
       720        722        725        725        729        731        734        735
       736        736        740        744        745        749        755        760
       760        761        764        765        766        766        768        768
       774        780        780        781        781        783        787        793
       793        799        799        799        800        802        802        803
       804        810        817        819        820        821        826        827
       828        830        830        830        832        836        839        840
       842        843        843        843        843        845        849        851
       852        853        853        855        857        859        861        861
       862        863        864        864        865        869        870        875
       877        877        878        879        881        883        884        885
       888        891        891        891        891        892        892        892
       892        900        901        903        912        913        915        917
       919        923        924        927        929        929        937        938
       938        942        943        945        947        947        947        949
       949        951        952        958        961        961        964        965
       965        967        968        969        969        972        975        976
       980        983        984        991        996        998 
