seed = 7663 sort algorithm = Quick Sort

Unsorted:
       137        113         34        187         59         74        302        649
       598        551        567        398        432        533        304        933
       262        826        732        244        599        655        652        344
        66        993        769        391        485        506        912        622
       620        946        162         31        373        816        680        323
       719        600        721        503        133        377        437        395
       556        169        992        155        176        996        500        595
       989        621        986        474        128        250        449        748
       197        611        779        922        779        811        245        498
       763        318          1        897        695        790        644        251
       312        988        759        840        984        611        435        325
       232        773        800        360         24        601        460        573
       564        591        847        343        755        444        193        518
       762        546        767        809        689        412        413          1
       400        172        193        737        783        629         62        367
       754        214        728        130        815        540         55        379
       132        902         74        239        698        267        757        460
       166        525        622        855        289         35        208        689
       559        401        778        694        382        841         61        489
       407        141        971        223        682         27        954        166
       281         29        405        980        648        162        792        814
        39        414         21        328        801        229        370        360
       983        148         54        717        341        468        206        749
       609        178        972        291        557        278        457        838
       659        862        170        308        377        963        474        416
       729        848         97        531         77        467        243        412
       615        298        130        957        118        688         58        727
       866        382        371        775        660        828        614        320
        43        136        980        772         99        806        540        829
       654        637        712         84        104        955        496         72
       605        978        381        723        667        439        803        885
       821        174        661        833        354        627        505        397
       763        485        521        215        644         62        396        298
       699        108        382        804        415        231        876         21
       561        257         96        228         48        899        466        869
        73        127         54        428        106        560        177        869
       397        699        436         41        761        832        340        812
       292         74        616        708        305        844         81        219
       453        177        447        501         77        265        722        502
       392        129        930        850        689        460        720         86
       511        508        128        624        341        820        436        985
       894        405        693        552        601        774        771        407
       304        570        260        381        836        983        235        580
       464        518        431        153        978        503        591        841
        11        719        465        352        539        901        338        786
       658        383        338        260        510        461        667        814
        31        927        547        219        262        134        800        726
       652        231        231        982         86        823        823         97
       894        288        802        786        542        492        572        552
       875        262        164        737        723        831        903        106
       111        450        326        725        585        126        804        589
       709        387        572        795        210        395        244        457
        36         46        243        578        538        815        130        414
       429        295        503        152        478        407        610        941
       209        936         19        146        414        175        736        475
       562        308        622        125         55        867        582         91
       913        177         21        452        992        504        218        773
       151        721        925        629        128        535        923        338
       824        294        484        238        821        572         66        735
       880        688        860        936        555        794        379        469
       971        401        921        315        905        491         88         56
       212        365         37        341        253        312         31        429
       606        515         19        779         88         85        515        320
       774        375        608        681        522        988        150        845
       389        423        513        646        914        601        702        127
       319         91        820        924        404        851        353        362
       718        372        142        806        458        657        479        584
       384         87        265        906        427        416        752        168
       191        265        814        458        218        516 
Sorting:

Sorted:
         1          1         11         19         19         21         21         21
        24         27         29         31         31         31         34         35
        36         37         39         41         43         46         48         54
        54         55         55         56         58         59         61         62
        62         66         66         72         73         74         74         74
        77         77         81         84         85         86         86         87
        88         88         91         91         96         97         97         99
       104        106        106        108        111        113        118        125
       126        127        127        128        128        128        129        130
       130        130        132        133        134        136        137        141
       142        146        148        150        151        152        153        155
       162        162        164        166        166        168        169        170
       172        174        175        176        177        177        177        178
       187        191        193        193        197        206        208        209
       210        212        214        215        218        218        219        219
       223        228        229        231        231        231        232        235
       238        239        243        243        244        244        245        250
       251        253        257        260        260        262        262        262
       265        265        265        267        278        281        288        289
       291        292        294        295        298        298        302        304
       304        305        308        308        312        312        315        318
       319        320        320        323        325        326        328        338
       338        338        340        341        341        341        343        344
       352        353        354        360        360        362        365        367
       370        371        372        373        375        377        377        379
       379        381        381        382        382        382        383        384
       387        389        391        392        395        395        396        397
       397        398        400        401        401        404        405        405
       407        407        407        412        412        413        414        414
       414        415        416        416        423        427        428        429
       429        431        432        435        436        436        437        439
       444        447        449        450        452        453        457        457
       458        458        460        460        460        461        464        465
       466        467        468        469        474        474        475        478
       479        484        485        485        489        491        492        496
       498        500        501        502        503        503        503        504
       505        506        508        510        511        513        515        515
       516        518        518        521        522        525        531        533
       535        538        539        540        540        542        546        547
       551        552        552        555        556        557        559        560
       561        562        564        567        570        572        572        572
       573        578        580        582        584        585        589        591
       591        595        598        599        600        601        601        601
       605        606        608        609        610        611        611        614
       615        616        620        621        622        622        622        624
       627        629        629        637        644        644        646        648
       649        652        652        654        655        657        658        659
       660        661        667        667        680        681        682        688
       688        689        689        689        693        694        695        698
       699        699        702        708        709        712        717        718
       719        719        720        721        721        722        723        723
       725        726        727        728        729        732        735        736
       737        737        748        749        752        754        755        757
       759        761        762        763        763        767        769        771
       772        773        773        774        774        775        778        779
       779        779        783        786        786        790        792        794
       795        800        800        801        802        803        804        804
       806        806        809        811        812        814        814        814
       815        815        816        820        820        821        821        823
       823        824        826        828        829        831        832        833
       836        838        840        841        841        844        845        847
       848        850        851        855        860        862        866        867
       869        869        875        876        880        885        894        894
       897        899        901        902        903        905        906        912
       913        914        921        922        923        924        925        927
       930        933        936        936        941        946        954        955
       957        963        971        971        972        978        978        980
       980        982        983        983        984        985        986        988
       988        989        992        992        993        996 
