seed = 1088 sort algorithm = Bubble Sort

Unsorted:
       725        127        750         98        528        572        166        657
       418        309        313        866        546        572        577        107
       536        880        886        161        618        315        162        827
       243        792        260        663         29        790        753        106
       270        856        205        150        428        723        159        198
        32        472         64        579         44        993        686        580
       874        572         94        844        239        256        671        483
       400        284        498        430        426        603        536         48
       811         93        198        591        817        357        789        849
       829        206        780        225        199        466        806        425
       390        252        621        630        860        645        465        260
       929        315        690        355        918        227        756        730
       672        954        321        489        312        463        691        493
       669        471        719        220        290        877        998        680
       481        619        662        341        264        127        601        193
       442        644        901        713        223          9        795        895
       963        116        737        627        579        428        473        600
       251        544        821        541        773        819        574        254
       438        236        595         55        716        548        600        510
       192        853        575        767        862        370        663        826
       487        400        805        418        180        278         19        783
       174        192        325        947        363        251        201        153
       839        148        208        907         49        809        418        241
       662        993        361        877        716         24         55        203
       776        860        973        308        491        344         91        665
       888        768        965        251         19        166        405        211
       667        613        118        716        774        888        309        789
       234        670        666        950        694        721        505        822
       933        830        482        776        175        574        794        415
       694        759        667         66        925         72        277        592
        37        395        308        812        636        618        601        870
       640        619        172        687        340         29        509        625
       859        992        402        386        918        196        802        612
       955        469        678        232        893        955        177        930
       703        837        742        691        807        695        913        448
       666         85        135        358        114        996        984        325
       340        738        712        258        934        514        223        241
       335        253        825        228        561          2        158        264
       840        253        307        647        300        220        447        967
       657        582        325        123        579        309        448        271
        47        512        530        333         26        105        926        713
       358        752        941        919        754        452        535        946
       705        842        946          5        414        393        324        423
       976        650        546        907        311        347        178        711
       859         60         44        238        517        323        951        876
        75        245        795        181        697        683        128        754
       877        426        759     