seed = 9838 sort algorithm = Bubble Sort

Unsorted:
       956        773        860        924        867        468        564        806
       794         30        793        654        602        769        669        594
       941        630         69        117        945        621        894        402
       436        639         83        834        919        799        431        227
       924        643        151        143        464         68        949        610
        98        742        265         52        864        286        646        805
       916         67        274        861        689        169        616        477
       160        699        311        431        850         95        658        126
       738        810        269        554        878        571        165        328
       665        782        732        881         68        731         39        336
       798        313        550        487        834        166        317        347
       217        628        778        419         75        437        897        166
       599        518        720        829         89        237        509        107
        19        241        988         87        324         27        424        123
       341        326        962        527        844        279        874         61
       260        653        832        335         90        729        501         41
       599        574        870         41        811        379        148        831
       972        136        270        297        164         46        772        857
       372        734        384        216        366        259        629        978
       264        813        313        706        894        167        747        494
        93        617        535        904        348        683         87        672
       819        710        321        335        756         93        192        481
       180        577         49        898        188         31        876        452
       844        541        158        739        708        905        233        153
       874        120         58        574        155        497        598        326
       559        920        662        668        365        206        149        897
       783        550        795        323        581        671        775        426
       213        285        517        273        542        750        779        768
       222        837        342        377        686        941        703        246
       213        717        914        930        924        415        828         59
       965        975        383        899        999        510        325        564
       796        842        837        690        944        616        459        166
       805        153        895        844        446        950        442        659
       668        708        590        592        123        770        651        440
       745         34        339        744        897         16        308        693
       858        498        735        154        466        194        672        624
       700        567        820        146        518        614        806        538
       322        748        130        797        518        781        589        615
       168        929        712         65        297        372        110        508
       222        845        662         41        392        687         17         92
       606        837        238        124        451        396        662        125
       144        144        922         14        926        511        982         94
       792        694        159         90        418        269        598        641
       466        612        682        858        299         51        950        906
       888        541        382        691        937        397        816         82
       541        738        448        467        601        430        913        394
       476        424        484        895        693        434        888        160
        46        570        370        346        621        321        252        861
       862        634        904        799        383        720        233        925
       810         34        744        411        464        658        157        293
        82        641        188        128        427         76        640        474
       998         10        820        971        683        424        184        545
       410         88        697        794        160        282         71        322
       316        815         85        133        825        243        426        260
       236        614        740        664         42        380        138        392
       742        310        363        426         86        899        323        496
       987        372        642        499        655        713        821        323
       881        906        456         58        149        234        318        738
       848        410        402        242        790        892        634        533
       202        349        311        640        248        634        136        587
         7        131        438         14        196        259        337         77
       518        146        488         19        380        158        757        581
       569        159        823        359        403        810        244        957
       511        555        597        760        542         86        699        549
       217        138        563        413        749        252        843        267
       398        683        287        779        841         44        360        410
       556        535        122        959        697        366        269        209
       274        866        321        816        952         20        717        521
       510        280        287        260        884        482 
Sorting:

Sorted:
         7         10         14         14         16         17         19         19
        20         27         30         31         34         34         39         41
        41         41         42         44         46         46         49         51
        52         58         58         59         61         65         67         68
        68         69         71         75         76         77         82         82
        83         85         86         86         87         87         88         89
        90         90         92         93         93         94         95         98
       107        110        117        120        122        123        123        124
       125        126        128        130        131        133        136        136
       138        138        143        144        144        146        146        148
       149        149        151        153        153        154        155        157
       158        158        159        159        160        160        160        164
       165        166        166        166        167        168        169        180
       184        188        188        192        194        196        202        206
       209        213        213        216        217        217        222        222
       227        233        233        234        236        237        238        241
       242        243        244        246        248        252        252        259
       259        260        260        260        264        265        267        269
       269        269        270        273        274        274        279        280
       282        285        286        287        287        293        297        297
       299        308        310        311        311        313        313        316
       317        318        321        321        321        322        322        323
       323        323        324        325        326        326        328        335
       335        336        337        339        341        342        346        347
       348        349        359        360        363        365        366        366
       370        372        372        372        377        379        380        380
       382        383        383        384        392        392        394        396
       397        398        402        402        403        410        410        410
       411        413        415        418        419        424        424        424
       426        426        426        427        430        431        431        434
       436        437        438        440        442        446        448        451
       452        456        459        464        464        466        466        467
       468        474        476        477        481        482        484        487
       488        494        496        497        498        499        501        508
       509        510        510        511        511        517        518        518
       518        518        521        527        533        535        535        538
       541        541        541        542        542        545        549        550
       550        554        555        556        559        563        564        564
       567        569        570        571        574        574        577        581
       581        587        589        590        592        594        597        598
       598        599        599        601        602        606        610        612
       614        614        615        616        616        617        621        621
       624        628        629        630        634        634        634        639
       640        640        641        641        642        643        646        651
       653        654        655        658        658        659        662        662
       662        664        665        668        668        669        671        672
       672        682        683        683        683        686        687        689
       690        691        693        693        694        697        697        699
       699        700        703        706        708        708        710        712
       713        717        717        720        720        729        731        732
       734        735        738        738        738        739        740        742
       742        744        744        745        747        748        749        750
       756        757        760        768        769        770        772        773
       775        778        779        779        781        782        783        790
       792        793        794        794        795        796        797        798
       799        799        805        805        806        806        810        810
       810        811        813        815        816        816        819        820
       820        821        823        825        828        829        831        832
       834        834        837        837        837        841        842        843
       844        844        844        845        848        850        857        858
       858        860        861        861        862        864        866        867
       870        874        874        876        878        881        881        884
       888        888        892        894        894        895        895        897
       897        897        898        899        899        904        904        905
       906        906        913        914        916        919        920        922
       924        924        924        925        926        929        930        937
       941        941        944        945        949        950        950        952
       956        957        959        962        965        971        972        975
       978        982        987        988        998        999 
