seed = 5321 sort algorithm = Bubble Sort

Unsorted:
       514        192        296        176        937        431        923        214
        71        299        858        695        840        143        555         69
        69        842        226        290        554        806        145        943
       996        243        353        199         33        674        430        899
       218         78        427        155        862        350        722        933
       650        932        980        490         75        887        911        496
       729        489        138        284        296        636        579        292
       879        285        843        912        959        626        164        177
        56        591        684        918        942        406        203        944
       338        183        786        765         71        697        261        152
       187        752        788        483        388        368        127        619
       653        322        531        964        948         47        493          5
       639        177        275        933        936        479        877        626
        14        663        392        437        712          5        590        899
       757        378        734        145         98        213        764        103
       536        648        419        836        695        912        841        686
       442        469        619        378        948        848          4        962
       863        748        400        576        754        342        827        511
       720        914          9        171        479        125        274         15
       125        694        852        821        958         45        859        400
       514        831        130        814        679        135        777        895
       883        529        471        989        871        650        501        943
       916        862        114        396        987        741        763        113
       787        967        286        745         13        497        498        879
       328        628        694          8        115        823        255        351
       352        726        340        223        728        193        166        997
        55        633        393        395        374        156        508        161
       124        146        258        489        643        756        720        972
       385        766        332        852        589        587        203        293
       665        544        868        745         89        387        742        145
        20        135        892        746        644        752        907        768
       898        517        609        893        274        329        217         11
       448        549        863         37        488         67        683        505
       963        551        251         52        938        993        549        310
       481        793         56        125        545        315        245        443
       833        206        689        459        887        906        822        335
       456        685        373        296        104        408        802        419
       959         53        824        250        398        725        560        231
       519        617        708         64        284        305        860        117
       511        549        928        399        455        750        734        263
       436        459        912        892        867        714        664        179
       119        488        429        869        213        989        101         84
       958        809        149        243        115        361        712        978
       910        641        377        717        743        464        333        531
       923        245        424        143        311         88        322        782
       928        751        651        493         92        752        578        403
       914        727        646        381         88        710        711        350
       703        441        419        447        905        752        978        180
       349        754        323        660        194        997        442        122
       100         94        968        545        198        546        948        464
       625        946        197         65          8        909        415        712
       350        186        159        255        939        489        787        288
       244        463        301        790        460         95        265        913
       541        233        458         92        779        758        556        404
       704        754        821        712         15        236        776        365
       774        287        972        713        777        759        354        373
       222          7        515         35        102        780        300        644
        13        758        736        792        868        644        548        572
       398        369        636        413        957        413        130        732
        52        102        797        829        214        151        554        436
       510         70        823        613        202        123        257        216
       233        345        360        101        989        909         25        740
       630         14        505        940        779        636        672        831
        90        821         13        304        325        919         93        835
       341        916        448        544        392         57        760        977
       402        120         79        744        381        456        484         12
       470        341        304        249        329        976        433        420
       149        446        724        474        717        169        310         59
       438        110        603        830        520        363 
Sorting:

Sorted:
         4          5          5          7          8          8          9         11
        12         13         13         13         14         14         15         15
        20         25         33         35         37         45         47         52
        52         53         55         56         56         57         59         64
        65         67         69         69         70         71         71         75
        78         79         84         88         88         89         90         92
        92         93         94         95         98        100        101        101
       102        102        103        104        110        113        114        115
       115        117        119        120        122        123        124        125
       125        125        127        130        130        135        135        138
       143        143        145        145        145        146        149        149
       151        152        155        156        159        161        164        166
       169        171        176        177        177        179        180        183
       186        187        192        193        194        197        198        199
       202        203        203        206        213        213        214        214
       216        217        218        222        223        226        231        233
       233        236        243        243        244        245        245        249
       250        251        255        255        257        258        261        263
       265        274        274        275        284        284        285        286
       287        288        290        292        293        296        296        296
       299        300        301        304        304        305        310        310
       311        315        322        322        323        325        328        329
       329        332        333        335        338        340        341        341
       342        345        349        350        350        350        351        352
       353        354        360        361        363        365        368        369
       373        373        374        377        378        378        381        381
       385        387        388        392        392        393        395        396
       398        398        399        400        400        402        403        404
       406        408        413        413        415        419        419        419
       420        424        427        429        430        431        433        436
       436        437        438        441        442        442        443        446
       447        448        448        455        456        456        458        459
       459        460        463        464        464        469        470        471
       474        479        479        481        483        484        488        488
       489        489        489        490        493        493        496        497
       498        501        505        505        508        510        511        511
       514        514        515        517        519        520        529        531
       531        536        541        544        544        545        545        546
       548        549        549        549        551        554        554        555
       556        560        572        576        578        579        587        589
       590        591        603        609        613        617        619        619
       625        626        626        628        630        633        636        636
       636        639        641        643        644        644        644        646
       648        650        650        651        653        660        663        664
       665        672        674        679        683        684        685        686
       689        694        694        695        695        697        703        704
       708        710        711        712        712        712        712        713
       714        717        717        720        720        722        724        725
       726        727        728        729        732        734        734        736
       740        741        742        743        744        745        745        746
       748        750        751        752        752        752        752        754
       754        754        756        757        758        758        759        760
       763        764        765        766        768        774        776        777
       777        779        779        780        782        786        787        787
       788        790        792        793        797        802        806        809
       814        821        821        821        822        823        823        824
       827        829        830        831        831        833        835        836
       840        841        842        843        848        852        852        858
       859        860        862        862        863        863        867        868
       868        869        871        877        879        879        883        887
       887        892        892        893        895        898        899        899
       905        906        907        909        909        910        911        912
       912        912        913        914        914        916        916        918
       919        923        923        928        928        932        933        933
       936        937        938        939        940        942        943        943
       944        946        948        948        948        957        958        958
       959        959        962        963        964        967        968        972
       972        976        977        978        978        980        987        989
       989        989        993        996        997        997 
