seed = 2806 sort algorithm = Bubble Sort

Unsorted:
       556        712        263        613        146        124        298        514
       462         39        506        283        832        155        699        399
       606        864         40        114        790        606        357        227
       407        254        334        988        391        150        819        947
       214         82        913        712        207        211        227         21
       602        733        304        434        241        355        186        847
       220        226        314         10        832        671        589        591
       925        924        579        668        426        398        967        640
       833        880        353        392        443        932        413         45
       665         69        832        906        425         18        106        645
       596        420          7        428         91        949        372         16
       873        951        684        651        702          3        291        535
       236        996        927        679        928        340         77        594
       761        261        852        186        279        958        183        875
       378        543        655        469        492         27        837        717
       331        873        368         33        877         11        920        113
         8        847        144        936        539        221        882        300
       834        735        839        113         45        374        340        424
       917        348        245        761        727        435        478         58
       660        198        443        537        210        363          2        570
       562        499        858        453         72        741        106        907
       828        945        372        873        319        713        649        589
       413        247        350        140         34        181        551        694
       731        346        584        293         62        586        215        624
        85         74        430        158        815        536        417        995
       833        789        868        504        854        870        445        267
       469        148        760        503        681        311        197        412
         9        781         58         71        720        273         48        157
       347        478        667        514        366         84        509        199
       874        730         55        728        600        501        996         69
       649        108        572        330        419        121         94        780
       903        152        852        623        778        900        132        125
       730        800        640         96        884        501        647        110
       231         54        839        831        907        187        252        556
       295        176        238         66        298        333        846        553
       837         50        528        615        950        660         93         32
       460         85        480        345        586        479        455        170
       534        646          1        441        185        606        350        480
       782        588        898        432        273         97        985        463
       147        513        430        450        174        875        482        634
       960        963        331        899        794        139         69        328
       137        422        122        323        380        472        155        163
       412         54        595         38        151        581        853        298
        94        635        748        620        511        583        255        823
       898        938        722        692         77        143        373        215
       918        847        538        298        671        693        813         83
        99        409        473     