seed = 1205 sort algorithm = Bubble Sort

Unsorted:
        66        545          8         80        669        534        817        815
       764         71        751        250        243        585        927        974
       798        438         20        835          0        206        903        304
       885         85         91        711        580        755        732        646
       300         92         78        322        626        896        137        390
       319        240        641        562        177        920        536        976
       710        908        163        711        114         66        367        351
       504        459         62         84        214        146         82        867
       238        161        189        217         57        678        959        376
       271        952        290        448        873        178        424        935
        87        940        646        553        358        366        905        862
       825        319        298        391        818        381        258        408
       894        799        625        303        478        937         31        749
       889        673        197        114        851        974         50        290
       914         48        844        272        414        101        487        591
       420        785        335        238        518        945        999        764
        97        624        419        575        913        450        676        803
       123        225        269        327        551        671        969        817
       720        813        442        486        914        929        430        687
        66        117        277        585         62        276        349        511
       253        769         86        166        571        114        321         47
       340        943        374        243        614        343         61        686
       509        503        525        775        432        955        814        498
       424         92        435        838        368        137        350        973
       258        788        140        829        903        813        228        595
       756        954        838        723        650        251        409        159
       754        934        286        538        241        101        389         17
       193        824        856        913        313        206        887        571
       994        379        753        249        544        981        844        301
       288         35        376        938        286        785        449        393
        72        735        931        665        188        320        683        733
       497        539        999        810         97        238        734        443
       617        839        693        161        172        537        814        460
       924        190        398        563        328        199        956        400
       935        887        417        475        560        452        209        409
       343        208        571        440        446        305        884        415
       144        577        928        669        466        743        129        743
       933        880        306        613         79        262         13         14
       501        783        842         61        235         51        470        579
       611         42        371        409        699        607        824        196
       536        752        865          3        495        346         98        781
       226        404        394        306        666        760        672        519
       895        514        581        130        917        403         61        528
       797        785        937        849        392        113         45        929
       866        262        284        713        608        382        846        187
       138        241        493        804        353        517        323        248
       384        256        730        301        660        144        182        809
       929        471        658        673        585        703        602        451
       317        238        516        278        620        363        465        758
       604        310        914        309        827        590        909        563
       198        991        865        858        135        399         20        416
       870        678         90        455        734         44        258         51
       283        775        681        903        138        146         14         94
       808        928        403        988        870        312        551         69
       303        416        279        791        167        299        207         38
       978        297        493         64        342        752        467        977
       527        149        880         17        647        246        111        456
       527        514        444        397        178        995        818        833
       764         98        624        931        749        184        321         79
       833        815        143        527        919        611        504        798
       760        737        815        759        983        926        215        510
       792         11        260        322        359         78        155        123
       176        132        406        926        668        728          5        501
       895        501        381        814        112        885        964        224
       622        779        983        958         57        551        468        849
       562        728        523        921        159         30        396        335
       514        155        613        182        883        971         36        130
       472        417        944        936        302        908        512        277
        39        847        235         96        398         55 
Sorting:

Sorted:
         0          3          5          8         11         13         14         14
        17         17         20         20         30         31         35         36
        38         39         42         44         45         47         48         50
        51         51         55         57         57         61         61         61
        62         62         64         66         66         66         69         71
        72         78         78         79         79         80         82         84
        85         86         87         90         91         92         92         94
        96         97         97         98         98        101        101        111
       112        113        114        114        114        117        123        123
       129        130        130        132        135        137        137        138
       138        140        143        144        144        146        146        149
       155        155        159        159        161        161        163        166
       167        172        176        177        178        178        182        182
       184        187        188        189        190        193        196        197
       198        199        206        206        207        208        209        214
       215        217        224        225        226        228        235        235
       238        238        238        238        240        241        241        243
       243        246        248        249        250        251        253        256
       258        258        258        260        262        262        269        271
       272        276        277        277        278        279        283        284
       286        286        288        290        290        297        298        299
       300        301        301        302        303        303        304        305
       306        306        309        310        312        313        317        319
       319        320        321        321        322        322        323        327
       328        335        335        340        342        343        343        346
       349        350        351        353        358        359        363        366
       367        368        371        374        376        376        379        381
       381        382        384        389        390        391        392        393
       394        396        397        398        398        399        400        403
       403        404        406        408        409        409        409        414
       415        416        416        417        417        419        420        424
       424        430        432        435        438        440        442        443
       444        446        448        449        450        451        452        455
       456        459        460        465        466        467        468        470
       471        472        475        478        486        487        493        493
       495        497        498        501        501        501        503        504
       504        509        510        511        512        514        514        514
       516        517        518        519        523        525        527        527
       527        528        534        536        536        537        538        539
       544        545        551        551        551        553        560        562
       562        563        563        571        571        571        575        577
       579        580        581        585        585        585        590        591
       595        602        604        607        608        611        611        613
       613        614        617        620        622        624        624        625
       626        641        646        646        647        650        658        660
       665        666        668        669        669        671        672        673
       673        676        678        678        681        683        686        687
       693        699        703        710        711        711        713        720
       723        728        728        730        732        733        734        734
       735        737        743        743        749        749        751        752
       752        753        754        755        756        758        759        760
       760        764        764        764        769        775        775        779
       781        783        785        785        785        788        791        792
       797        798        798        799        803        804        808        809
       810        813        813        814        814        814        815        815
       815        817        817        818        818        824        824        825
       827        829        833        833        835        838        838        839
       842        844        844        846        847        849        849        851
       856        858        862        865        865        866        867        870
       870        873        880        880        883        884        885        885
       887        887        889        894        895        895        896        903
       903        903        905        908        908        909        913        913
       914        914        914        917        919        920        921        924
       926        926        927        928        928        929        929        929
       931        931        933        934        935        935        936        937
       937        938        940        943        944        945        952        954
       955        956        958        959        964        969        971        973
       974        974        976        977        978        981        983        983
       988        991        994        995        999        999 
