seed = 2680 sort algorithm = Quick Sort

Unsorted:
       516        874         85        515        459        625        951        114
         4        336        437        673        449        720        174        923
       190        652        976        128        771        223        940        852
       839        494        223        822        757        382        744        273
       256        829        140         68        807         92        182        811
       428        971        485        877        691        659        153        233
       664        129        713        787        353        654        639        192
       148        862        366        257        596        110        530        853
       292        670        921         99        762        455        262        543
       778         99        772        469        111        925        703        775
        55        768        914        760        422        553        304        922
       768        671        179        364        133        709        569        777
       732        842        228        846        649        491        389        427
       590        162        249        701         87        304        828        494
        72        742        606        495        648        911        417        768
       934        949        484        419        658        406        197        742
       248        425        589        250        916        330         29        859
       492        278        912        932        934        741        778          7
       835        385        854        835        648        623        955        934
       572        440        353        583        198        550        325        798
       328        266         48        244        949         78        455        793
       708        368        725        643        461        856          2        296
       593        208        484        593        831        439        527        756
       231        232        339        429        135         16        228        463
       635        628        707        584        706        163        377        767
       883        455        762        344        663        764        640        256
       972        476        849        155        916        728        911        147
       960        250        577         95        619        157        558        254
       785        618        838        844        133        567        611         16
        22        373        712        685        489        352        293        813
       829        142        968         97        222        232        244        183
       834        173        630        453        330        189        707        468
       159        897        312        292        465        923        660        839
       648        372        877        137         76        170        302        257
       665        270        354        887        854        951        422        689
       124         53        142        807        594        202        275        753
        99        939        397        564        214        409        756        862
       781        633        351        209        803        653        467        820
       275        173        708        130        124        482        819        601
       535        961        760        481        163        387        234        615
       326        983        179        540        392        935        754        525
       920        105        735         76        758        554        896         33
       727        956        163        204        439        334        805        326
       296        917        808        811        304        394        426        630
       378        958        522        122        245        276        648        166
       381        735        594        491        289        490        876        368
       447        392        572        238        726        729        564        374
       646        724        538        950        119        964        932        849
       274        806        971        872         82        971         38        815
        58        632        658        347        474        535        716        273
       927        288        511          5        370        428        380         16
       152        918        319        623        234        251        472        861
       410        796        733        492        767        123        660        826
       107        318        525        581        853        241        855        132
       882        718        490        252        146        870        620        651
       140        939        274        726        543        747        939        953
       895        672        797        662        795        457        840        902
       776        366        836        981        959         43        466        193
       113        956        797        612        178        770        263        670
       709        889        396        604        988        688        557        883
       360        355        898        508        164        738        762        940
       456        598        274        768        993         92        961        107
        48        111        719        226        881        982        248        942
       223        996        547        212        684        104         95         45
       811        993        553        976         84        667        268        540
       266        894        308        611        986        622        718         34
        85        437        612        318        771        212        260        995
       209        807        559        893        264        654        290         75
         0        195        403         84        863        672 
Sorting:

Sorted:
         0          2          4          5          7         16         16         16
        22         29         33         34         38         43         45         48
        48         53         55         58         68         72         75         76
        76         78         82         84         84         85         85         87
        92         92         95         95         97         99         99         99
       104        105        107        107        110        111        111        113
       114        119        122        123        124        124        128        129
       130        132        133        133        135        137        140        140
       142        142        146        147        148        152        153        155
       157        159        162        163        163        163        164        166
       170        173        173        174        178        179        179        182
       183        189        190        192        193        195        197        198
       202        204        208        209        209        212        212        214
       222        223        223        223        226        228        228        231
       232        232        233        234        234        238        241        244
       244        245        248        248        249        250        250        251
       252        254        256        256        257        257        260        262
       263        264        266        266        268        270        273        273
       274        274        274        275        275        276        278        288
       289        290        292        292        293        296        296        302
       304        304        304        308        312        318        318        319
       325        326        326        328        330        330        334        336
       339        344        347        351        352        353        353        354
       355        360        364        366        366        368        368        370
       372        373        374        377        378        380        381        382
       385        387        389        392        392        394        396        397
       403        406        409        410        417        419        422        422
       425        426        427        428        428        429        437        437
       439        439        440        447        449        453        455        455
       455        456        457        459        461        463        465        466
       467        468        469        472        474        476        481        482
       484        484        485        489        490        490        491        491
       492        492        494        494        495        508        511        515
       516        522        525        525        527        530        535        535
       538        540        540        543        543        547        550        553
       553        554        557        558        559        564        564        567
       569        572        572        577        581        583        584        589
       590        593        593        594        594        596        598        601
       604        606        611        611        612        612        615        618
       619        620        622        623        623        625        628        630
       630        632        633        635        639        640        643        646
       648        648        648        648        649        651        652        653
       654        654        658        658        659        660        660        662
       663        664        665        667        670        670        671        672
       672        673        684        685        688        689        691        701
       703        706        707        707        708        708        709        709
       712        713        716        718        718        719        720        724
       725        726        726        727        728        729        732        733
       735        735        738        741        742        742        744        747
       753        754        756        756        757        758        760        760
       762        762        762        764        767        767        768        768
       768        768        770        771        771        772        775        776
       777        778        778        781        785        787        793        795
       796        797        797        798        803        805        806        807
       807        807        808        811        811        811        813        815
       819        820        822        826        828        829        829        831
       834        835        835        836        838        839        839        840
       842        844        846        849        849        852        853        853
       854        854        855        856        859        861        862        862
       863        870        872        874        876        877        877        881
       882        883        883        887        889        893        894        895
       896        897        898        902        911        911        912        914
       916        916        917        918        920        921        922        923
       923        925        927        932        932        934        934        934
       935        939        939        939        940        940        942        949
       949        950        951        951        953        955        956        956
       958        959        960        961        961        964        968        971
       971        971        972        976        976        981        982        983
       986        988        993        993        995        996 
