seed = 5015 sort algorithm = Bubble Sort

Unsorted:
       388        694        275        366        230        252        103        214
       899        184         53        575        622        241        508        787
       989        248        506        166        699        216        754        775
       451        816        497        116        894        348        547        283
        42        822          1        273        427        456        839        678
       640        244        254        614        486        114        401        475
       362        259        641        413        475        747        541        279
       563         38        395        458        387        294         93        429
       117        446         54        896        254        894        574        894
       490        180        509        976        294        262        803          8
       522        797        422        349        544        963        628        460
       353        375        270         92        670        715        874        139
       161        280         35        415        526        961        661         17
       142        522        993        788        785        797        797        659
       594        571          8        490        886        989        950        591
       716        572        684        738        287        910        877        800
       190        264        215        717        226        229        734        368
       751         79        508        888        876        305        547        822
       228        908        665        114        897        967         58        965
       540         94        704        179          4        581        980        194
       198        547        911        424        776        997        144        880
        77        652        768        305        310        668        480        890
       576        145        357        825        112        415        142          4
       509        846        184        513        780        516         59        978
       415        971        402        192        320        898        424        397
       902        544        703        212        564        183        103        140
       680        460        317        144        227        460        149        736
       658        685        601        438        553        660        416        968
       983        170        512        304         68        936         53        323
       481        756        535         45        291        990        538        323
       802        207        468        381         19        969        117         30
       654        718        468        207        731        885        527        714
       407         40         18        828        976         72        151        809
       180         38        207        824        381         97        499        183
       656        967        565         28        936         34         58        942
       105        526        501        836        763         29        550        523
        69        921        351        397        345        502        207        877
       540        766         53        921        215        553        457        871
       520        374        251        809        408        309        751        513
       188        605        701        303        634        252        826         55
       525        177        452        870         31         11         99        572
       129        153        493        344        706        302        568        578
       676        819        387         85        481        491        950         21
        96        652        676         82        256        503        137        781
        32        941          3         64        305        102        988        434
       607        833        779        313        136        699        892        812
       870        631        249        351        122        552        724        570
       204        401        652        812        256        141        945        288
       435        948        704        740        402        692        174         10
       526        305        675         14        356        919        826        227
       551        428        930         25        980        655        596        536
        56        600        348        312         94        293        952        529
       593          9        621        347        701        147        709        579
       453        737        593        161        656        772        388        559
       200        319        585        180        326        533         68        734
       485        416         46        579         61        350        460          6
       359         81        353        413        229         63        344         34
       152        290        195        808         62        936        368        614
       255        305        146        581        838        214        315        323
       982        713        255         43        415        715         49        127
       149        754        892        378        169        236        764        321
       878        959        130        940        895        850        906        502
       155         52        435        345        266        102        668        248
       167        275        643        935        991        692         62        140
       799        306        870        968        894        634        290        773
       945        772        713        193        622        620         47        129
        24        483        474        643        937        494        891        105
       122        887        392        113        579        806        605        730
       112        827        699          6        461        341 
Sorting:

Sorted:
         1          3          4          4          6          6          8          8
         9         10         11         14         17         18         19         21
        24         25         28         29         30         31         32         34
        34         35         38         38         40         42         43         45
        46         47         49         52         53         53         53         54
        55         56         58         58         59         61         62         62
        63         64         68         68         69         72         77         79
        81         82         85         92         93         94         94         96
        97         99        102        102        103        103        105        105
       112        112        113        114        114        116        117        117
       122        122        127        129        129        130        136        137
       139        140        140        141        142        142        144        144
       145        146        147        149        149        151        152        153
       155        161        161        166        167        169        170        174
       177        179        180        180        180        183        183        184
       184        188        190        192        193        194        195        198
       200        204        207        207        207        207        212        214
       214        215        215        216        226        227        227        228
       229        229        230        236        241        244        248        248
       249        251        252        252        254        254        255        255
       256        256        259        262        264        266        270        273
       275        275        279        280        283        287        288        290
       290        291        293        294        294        302        303        304
       305        305        305        305        305        306        309        310
       312        313        315        317        319        320        321        323
       323        323        326        341        344        344        345        345
       347        348        348        349        350        351        351        353
       353        356        357        359        362        366        368        368
       374        375        378        381        381        387        387        388
       388        392        395        397        397        401        401        402
       402        407        408        413        413        415        415        415
       415        416        416        422        424        424        427        428
       429        434        435        435        438        446        451        452
       453        456        457        458        460        460        460        460
       461        468        468        474        475        475        480        481
       481        483        485        486        490        490        491        493
       494        497        499        501        502        502        503        506
       508        508        509        509        512        513        513        516
       520        522        522        523        525        526        526        526
       527        529        533        535        536        538        540        540
       541        544        544        547        547        547        550        551
       552        553        553        559        563        564        565        568
       570        571        572        572        574        575        576        578
       579        579        579        581        581        585        591        593
       593        594        596        600        601        605        605        607
       614        614        620        621        622        622        628        631
       634        634        640        641        643        643        652        652
       652        654        655        656        656        658        659        660
       661        665        668        668        670        675        676        676
       678        680        684        685        692        692        694        699
       699        699        701        701        703        704        704        706
       709        713        713        714        715        715        716        717
       718        724        730        731        734        734        736        737
       738        740        747        751        751        754        754        756
       763        764        766        768        772        772        773        775
       776        779        780        781        785        787        788        797
       797        797        799        800        802        803        806        808
       809        809        812        812        816        819        822        822
       824        825        826        826        827        828        833        836
       838        839        846        850        870        870        870        871
       874        876        877        877        878        880        885        886
       887        888        890        891        892        892        894        894
       894        894        895        896        897        898        899        902
       906        908        910        911        919        921        921        930
       935        936        936        936        937        940        941        942
       945        945        948        950        950        952        959        961
       963        965        967        967        968        968        969        971
       976        976        978        980        980        982        983        988
       989        989        990        991        993        997 
