seed = 2806 sort algorithm = Bubble Sort

Unsorted:
       556        712        263        613        146        124        298        514
       462         39        506        283        832        155        699        399
       606        864         40        114        790        606        357        227
       407        254        334        988        391        150        819        947
       214         82        913        712        207        211        227         21
       602        733        304        434        241        355        186        847
       220        226        314         10        832        671        589        591
       925        924        579        668        426        398        967        640
       833        880        353        392        443        932        413         45
       665         69        832        906        425         18        106        645
       596        420          7        428         91        949        372         16
       873        951        684        651        702          3        291        535
       236        996        927        679        928        340         77        594
       761        261        852        186        279        958        183        875
       378        543        655        469        492         27        837        717
       331        873        368         33        877         11        920        113
         8        847        144        936        539        221        882        300
       834        735        839        113         45        374        340        424
       917        348        245        761        727        435        478         58
       660        198        443        537        210        363          2        570
       562        499        858        453         72        741        106        907
       828        945        372        873        319        713        649        589
       413        247        350        140         34        181        551        694
       731        346        584        293         62        586        215        624
        85         74        430        158        815        536        417        995
       833        789        868        504        854        870        445        267
       469        148        760        503        681        311        197        412
         9        781         58         71        720        273         48        157
       347        478        667        514        366         84        509        199
       874        730         55        728        600        501        996         69
       649        108        572        330        419        121         94        780
       903        152        852        623        778        900        132        125
       730        800        640         96        884        501        647        110
       231         54        839        831        907        187        252        556
       295        176        238         66        298        333        846        553
       837         50        528        615        950        660         93         32
       460         85        480        345        586        479        455        170
       534        646          1        441        185        606        350        480
       782        588        898        432        273         97        985        463
       147        513        430        450        174        875        482        634
       960        963        331        899        794        139         69        328
       137        422        122        323        380        472        155        163
       412         54        595         38        151        581        853        298
        94        635        748        620        511        583        255        823
       898        938        722        692         77        143        373        215
       918        847        538        298        671        693        813         83
        99        409        473        602        342        678        901        788
       314          1        409        177        936         16          0        834
       954        723        879        384        218        252        599        136
        99        489        787        770        534        600        205        634
       361         31        236        703        709        489        844        375
       843        605        552        779        973        553        966        927
       628        845        663        846         97        262        335        548
       103        122        318        638        722        875        624         84
       906        212        139        968         54        335        343        249
       292        896         28        265        801        994        193        429
       839        208        627        288        471        314        836        926
       436        154        564        511         30        540        947        288
       105        438        256        159        774        600        408         66
       848        788        684        649        135        229         78        974
       437         57        615        908        372        451        187        160
       958        103         23        988        644        322        276        101
       761        533        612        887        485        372        305        333
       160        989        982        295        218        412        622        656
       821        589        916        545         40        103        706        998
       207         81        338        203        404        615        304        517
       500        916        404        337        288         61        670        800
        51          4        448        621        416        422        277        589
        11        546        135         51          1        193 
Sorting:

Sorted:
         0          1          1          1          2          3          4          7
         8          9         10         11         11         16         16         18
        21         23         27         28         30         31         32         33
        34         38         39         40         40         45         45         48
        50         51         51         54         54         54         55         57
        58         58         61         62         66         66         69         69
        69         71         72         74         77         77         78         81
        82         83         84         84         85         85         91         93
        94         94         96         97         97         99         99        101
       103        103        103        105        106        106        108        110
       113        113        114        121        122        122        124        125
       132        135        135        136        137        139        139        140
       143        144        146        147        148        150        151        152
       154        155        155        157        158        159        160        160
       163        170        174        176        177        181        183        185
       186        186        187        187        193        193        197        198
       199        203        205        207        207        208        210        211
       212        214        215        215        218        218        220        221
       226        227        227        229        231        236        236        238
       241        245        247        249        252        252        254        255
       256        261        262        263        265        267        273        273
       276        277        279        283        288        288        288        291
       292        293        295        295        298        298        298        298
       300        304        304        305        311        314        314        314
       318        319        322        323        328        330        331        331
       333        333        334        335        335        337        338        340
       340        342        343        345        346        347        348        350
       350        353        355        357        361        363        366        368
       372        372        372        372        373        374        375        378
       380        384        391        392        398        399        404        404
       407        408        409        409        412        412        412        413
       413        416        417        419        420        422        422        424
       425        426        428        429        430        430        432        434
       435        436        437        438        441        443        443        445
       448        450        451        453        455        460        462        463
       469        469        471        472        473        478        478        479
       480        480        482        485        489        489        492        499
       500        501        501        503        504        506        509        511
       511        513        514        514        517        528        533        534
       534        535        536        537        538        539        540        543
       545        546        548        551        552        553        553        556
       556        562        564        570        572        579        581        583
       584        586        586        588        589        589        589        589
       591        594        595        596        599        600        600        600
       602        602        605        606        606        606        612        613
       615        615        615        620        621        622        623        624
       624        627        628        634        634        635        638        640
       640        644        645        646        647        649        649        649
       651        655        656        660        660        663        665        667
       668        670        671        671        678        679        681        684
       684        692        693        694        699        702        703        706
       709        712        712        713        717        720        722        722
       723        727        728        730        730        731        733        735
       741        748        760        761        761        761        770        774
       778        779        780        781        782        787        788        788
       789        790        794        800        800        801        813        815
       819        821        823        828        831        832        832        832
       833        833        834        834        836        837        837        839
       839        839        843        844        845        846        846        847
       847        847        848        852        852        853        854        858
       864        868        870        873        873        873        874        875
       875        875        877        879        880        882        884        887
       896        898        898        899        900        901        903        906
       906        907        907        908        913        916        916        917
       918        920        924        925        926        927        927        928
       932        936        936        938        945        947        947        949
       950        951        954        958        958        960        963        966
       967        968        973        974        982        985        988        988
       989        994        995        996        996        998 
